image: /home/cruiser/ftpDownload/map/GAUSSIAN_RUNTIME_DIR//map/af2db4b7-e357-422f-981b-f11a3dc7a360/map.pgm
resolution: 0.050000
origin: [-16.000000, -9.600000, 0.000000]
negate: 0
occupied_thresh: 0.65
free_thresh: 0.196

